0.0;1.0;3.0
0.01;0.9605;2.95055
0.02;0.921978115;2.9021771175
0.03;0.8844130279737501;2.854859050398875
0.04;0.8477838633780949;2.80857394788009
0.05;0.8120701782185192;2.7633004013797193
0.06;0.7772519532935169;2.719017435734263
0.07;0.7433095846142226;2.675704500504683
0.08;0.710223874995819;2.633341461473169
0.09;0.677976025817298;2.5919085923091987
0.1;0.6465476289462251;2.5513865664015314
0.11;0.6159206588252203;2.511756448852846
0.12;0.5860774647169367;2.4729996886337875
0.13;0.5570007631043794;2.4350981108932577
0.14;0.5286736302434718;2.3980339094218506
0.15;0.501079494864837;2.3617896392653908
0.16;0.47420213102182235;2.3263482094855905
0.17;0.44802565108185405;2.2916928760649076
0.18;0.4225344988582672;2.257807234952739
0.19;0.3977134428798124;2.2246752152501443
0.2;0.3735475697950966;2.192281072530344
0.21;0.3500222779092693;2.160609382292301
0.22;0.32712327085032006;2.1296450335447403
0.23;0.3048365513624036;2.0993732225180146
0.24;0.2831484152236625;2.069779446501275
0.25;0.26204544528606505;2.040849497802465
0.26;0.24151450563482788;2.0125694578286897
0.27;0.2215427358650392;1.984925691284572
0.28;0.20211754547314661;1.9579048404862551
0.29;0.18322660836102006;1.9314938197887481
0.3;0.16485785745034562;1.9056798101243677
0.31;0.14699947940515054;1.880450253650066
0.32;0.12963990946030374;1.8557928485014823
0.33;0.1127678263538785;1.8316955436515974
0.34;0.09637214736130664;1.8081465338719132
0.35000000000000003;0.08044202342929382;1.7851342547941198
0.36;0.06496683440750674;1.7626473780702527
0.37;0.04993618437608201;1.7406748066293838
0.38;0.03533989706704554;1.7192056700289269
0.39;0.021168011377768973;1.6982293198986795
0.4;0.007410776974627211;1.6777353254757548
0.41000000000000003;-0.0059413500149426215;1.6577134692285986
0.42;-0.01889771122374452;1.6381537425683235
0.43;-0.03146745018121812;1.619046341645619
0.44;-0.04365951636661869;1.6003816632315413
0.45;-0.05548266918064339;1.5821503006805149
0.46;-0.06694548183713146;1.5643430399739082
0.47000000000000003;-0.07805634517643374;1.5469508558425862
0.48;-0.08882347140201505;1.5299649079668656
0.49;-0.0992548977418221;1.5133765372523382
0.5;-0.10935849003591898;1.4971772621800494
0.51;-0.11914194625186236;1.4813587752295572
0.52;-0.12861279992925945;1.46591293937342
0.53;-0.1377784235549229;1.450831784641695
0.54;-0.1466460318700088;1.4361075047550527
0.55;-0.15522268511049633;1.4217324538251457
0.56;-0.16351529218234065;1.4076991431208916
0.5700000000000001;-0.17153061377260398;1.3940002378993612
0.58;-0.17927526539784414;1.380628554299985
0.59;-0.18675572039101407;1.3675770563008216
0.6;-0.19397831282810116;1.3548388527356507
0.61;-0.20094924039571066;1.342407194370682
0.62;-0.2076745672007735;1.3302754710396933
0.63;-0.2141602265235354;1.318437208836439
0.64;-0.2204120235149609;1.3068860673631817
0.65;-0.22643563783966408;1.295615837034241
0.66;-0.23223662626545466;1.284620436433455
0.67;-0.23782042520056718;1.2738939097244883
0.68;-0.24319235317961954;1.2634304241129317
0.6900000000000001;-0.24835761329932635;1.253224267359164
0.7000000000000001;-0.25332129560497196;1.2432698453409665
0.71;-0.2580883794286285;1.2335616796648978
0.72;-0.2626637356800841;1.2240944053254617
0.73;-0.26705212909142767;1.2148627684111128
0.74;-0.27125822041621744;1.2058616238561728
0.75;-0.2752865685841424;1.1970859332377375
0.76;-0.27914163281206744;1.1885307626166848
0.77;-0.28282777467233494;1.1801912804219012
0.78;-0.28634926011917916;1.1720627553768694
0.79;-0.28971026147409157;1.1641405544677714
0.8;-0.29291485937095924;1.1564201409522823
0.81;-0.2959670446617821;1.1488970724082432
0.8200000000000001;-0.2988707202837583;1.1415669988214203
0.8300000000000001;-0.3016297030885119;1.1344256607115701
0.84;-0.304247725634221;1.1274688872960503
0.85;-0.30672843794138976;1.1206925946902253
0.86;-0.3090754092129931;1.1140927841439374
0.87;-0.31129212951970736;1.1076655403133218
0.88;-0.3133820114509278;1.1014070295672627
0.89;-0.3153483917322578;1.0953134983278017
0.9;-0.31719453281014226;1.0893812714438196
0.91;-0.3189236244043045;1.0836067505973304
0.92;-0.3205387850286315;1.0779864127417371
0.93;-0.3220430634811408;1.0725168085714125
0.9400000000000001;-0.3234394403036495;1.0671945610219808
0.9500000000000001;-0.32473082921175217;1.062016363800688
0.96;-0.32592007849570453;1.0569789799462619
0.97;-0.32700997239279633;1.0520792404176724
0.98;-0.3280032324317852;1.0473140427112193
0.99;-0.328902518749953;1.0426803495053785
1.0;-0.329710431383334;1.0381751873328569
1.01;-0.330429511530653;1.0337956452793118
1.02;-0.33106224279150237;1.0295388737082032
1.03;-0.3316110523792748;1.0254020830112587
1.04;-0.33207831230935864;1.021382542384039
1.05;-0.33246634056309327;1.017477578626105
1.06;-0.3327774022279712;1.0136845749652945
1.07;-0.3330137106145647;1.010000969905628
1.08;-0.3331774283506441;1.0064242560983727
1.09;-0.333270668452947;1.0029519792358021
1.1;-0.333295495377047;0.9995817369671991
1.11;-0.3332539260457631;0.9963111778366577
1.12;-0.33314793085654065;0.99313800024225
1.1300000000000001;-0.3329794346682273;0.9900599514161303
1.1400000000000001;-0.3327503177676583;0.9870748264251601
1.1500000000000001;-0.33246241681645716;0.9841804671916426
1.16;-0.3321175257784509;0.9813747615337683
1.17;-0.33171739682808826;0.9786556422253744
1.18;-0.3312637412402453;0.9760210860746353
1.19;-0.33075823026179163;0.973469113021306
1.2;-0.33020249596528517;0.9709977852521456
1.21;-0.3295981320851559;0.9686052063341615
1.22;-0.3289466948367304;0.9662895203653148
1.23;-0.3282497037184434;0.9640489111423414
1.24;-0.3275086422975757;0.9618816013453443
1.25;-0.3267249589798492;0.9597858517388237
1.26;-0.32590006776320607;0.9577599603888161
1.27;-0.32503534897608943;0.9558022618958201
1.28;-0.32413215000053947;0.9539111266431946
1.29;-0.3231917859804103;0.9520849600607185
1.3;-0.32221554051500845;0.9503222019030112
1.31;-0.32120466633844624;0.9486213255425141
1.32;-0.3201603859849999;0.9469808372767449
1.33;-0.3190838924407533;0.9453992756495372
1.34;-0.3179763497818051;0.943875210785987
1.35;-0.31683889379931085;0.9424072437408317
1.36;-0.3156726326116253;0.9409940058599928
1.37;-0.31447864726380603;0.9396341581550195
1.3800000000000001;-0.31325799231473356;0.9383263906901746
1.3900000000000001;-0.3120116964120985;0.9370694219819109
1.4000000000000001;-0.31074076285550095;0.9358619984104881
1.41;-0.30944617014790204;0.9347028936434905
1.42;-0.308128872535664;0.9335909080710041
1.43;-0.30678980053740923;0.9325248682522225
1.44;-0.30542986146192425;0.9315036263732506
1.45;-0.3040499399153311;0.9305260597158838
1.46;-0.30265089829774244;0.9295910701371418
1.47;-0.30123357728961436;0.9286975835593428
1.48;-0.29979879632800444;0.9278445494705057
1.49;-0.2983473540729406;0.9270309404348743
1.5;-0.29688002886410036;0.9262557516133618
1.51;-0.2953975791679972;0.9255180002937142
1.52;-0.2939007440158666;0.9248167254302009
1.53;-0.29239024343243997;0.9241509871926391
1.54;-0.2908667788557917;0.9235198665245679
1.55;-0.28933103354844014;0.9229224647103849
1.56;-0.2877836729998799;0.9223579029512698
1.57;-0.2862253453207199;0.9218253219497159
1.58;-0.28465668162859725;0.9213238815024978
1.59;-0.2830782964260336;0.9208527601019071
1.6;-0.28149078797039856;0.9204111545450891
1.61;-0.2798947386361398;0.9199982795513189
1.62;-0.27829071526943716;0.9196133673870562
1.6300000000000001;-0.2766792695354352;0.9192556674986261
1.6400000000000001;-0.2750609382582046;0.9189244461523678
1.6500000000000001;-0.27343624375358044;0.9186189860821068
1.6600000000000001;-0.2718056941550226;0.9183385861437996
1.67;-0.27016978373263995;0.918082560977209
1.68;-0.2685289932055177;0.9178502406744682
1.69;-0.2668837900474842;0.9176409704553958
1.7;-0.26523462878645077;0.9174541103494256
1.71;-0.2635819512974558;0.9172890348840186
1.72;-0.26192618708954124;0.9171451327794274
1.73;-0.260267753586587;0.9170218066496855
1.74;-0.25860705640222714;0.9169184727096944
1.75;-0.2569444896089679;0.91683456048829
1.76;-0.2552804360016263;0.9167695125471639
1.77;-0.2536152673552053;0.9167227842055244
1.78;-0.2519493446773186;0.9166938432703818
1.79;-0.2502830184552774;0.9166821697723434
1.8;-0.24861662889794703;0.916687255706809
1.81;-0.24695050617248138;0.9167086047804573
1.82;-0.24528497063603913;0.9167457321629179
1.83;-0.24362033306258501;0.9167981642435223
1.84;-0.24195689486487615;0.9168654383930355
1.85;-0.24029494831173245;0.9169471027302629
1.86;-0.23863477674068745;0.9170427158934401
1.87;-0.23697665476611415;0.9171518468163038
1.8800000000000001;-0.23532084848291873;0.9172740745087542
1.8900000000000001;-0.2336676156658929;0.9174089878420129
1.9000000000000001;-0.23201720596481396;0.9175561853381882
1.9100000000000001;-0.23036986109537977;0.9177152749641575
1.92;-0.22872581502606412;0.9178858739296807
1.93;-0.22708529416097623;0.918067608489659
1.94;-0.2254485175188064;0.9182601137504549
1.95;-0.22381569690793848;0.9184630334801936
1.96;-0.22218703709780752;0.9186760199229627
1.97;-0.2205627359865801;0.9188987336168334
1.98;-0.21894298476523305;0.9191308432156264
1.99;-0.21732796807810437;0.9193720253143456
2.0;-0.21571786417998917;0.9196219642782059
2.0100000000000002;-0.21411284508985182;0.9198803520751841
2.02;-0.21251307674122397;0.92014688811202
2.0300000000000002;-0.21091871912935664;0.9204212790735975
2.04;-0.20932992645519358;0.9207032387656412
2.05;-0.2077468472662312;0.9209924879606562
2.06;-0.2061696245943295;0.9212887542470504
2.07;-0.20459839609053695;0.9215917718813712
2.08;-0.20303329415699092;0.9219012816435967
2.09;-0.20147444607595408;0.9222170306954177
2.1;-0.1999219741360462;0.9225387724414504
2.11;-0.19837599575572917;0.9228662663933214
2.12;-0.19683662360410203;0.9231992780365654
2.13;-0.19530396571906197;0.9235375787002809
2.14;-0.1937781256228856;0.9238809454294847
2.15;-0.19225920243528416;0.9242291608601151
2.16;-0.1907472909839849;0.9245820130966251
2.17;-0.18924248191289003;0.924939295592118
2.18;-0.18774486178786345;0.9253008070309697
2.19;-0.18625451320019476;0.9256663512138911
2.2;-0.1847715148677884;0.9260357369453773
2.21;-0.18329594173412556;0.9264087779234992
2.22;-0.18182786506504509;0.9267852926319863
2.23;-0.1803673525433887;0.9271651042345572
2.24;-0.17891446836155514;0.9275480404714502
2.25;-0.17746927331200654;0.9279339335581104
2.2600000000000002;-0.17603182487577013;0.9283226200859891
2.27;-0.17460217730897654;0.9287139409254132
2.2800000000000002;-0.17318038172747627;0.9291077411304812
2.29;-0.171766486189574;0.9295038698459468
2.3000000000000003;-0.17036053577692017;0.9299021802160472
2.31;-0.1689625726735986;0.9303025292952387
2.32;-0.16757263624344745;0.9307047779608
2.33;-0.16619076310565087;0.9311087908272643
2.34;-0.1648169872086374;0.9315144361626452
2.35;-0.16345133990232066;0.9319215858064177
2.36;-0.16209385000871687;0.9323301150892196
2.37;-0.16074454389097362;0.9327399027542383
2.38;-0.159403445520843;0.9331508308802491
2.39;-0.15807057654463183;0.9335627848062694
2.4;-0.15674595634766086;0.933975653057799
2.41;-0.15542960211726473;0.9343893272746108
2.42;-0.15412152890436284;0.9348037021400635
2.43;-0.15282174968363166;0.9352186753119026
2.44;-0.15153027541230776;0.9356341473545209
2.45;-0.1502471150876506;0.9360500216726481
2.46;-0.148972275803093;0.9364662044464407
2.47;-0.14770576280310757;0.9368826045679433
2.48;-0.14644757953681575;0.9372991335788932
2.49;-0.14519772771036626;0.9377157056098413
2.5;-0.1439562073381091;0.9381322373205624
2.5100000000000002;-0.14272301679259036;0.9385486478417273
2.52;-0.14149815285339312;0.9389648587178131
2.5300000000000002;-0.1402816107548487;0.939380793851224
2.54;-0.13907338423264234;0.9397963794476
2.5500000000000003;-0.1378734655693368;0.9402115439622871
2.56;-0.13668184563883692;0.9406262180479473
2.57;-0.1354985139498176;0.9410403345032832
2.58;-0.1343234586881373;0.9414538282228552
2.59;-0.13315666675825874;0.9418666361479694
2.6;-0.1319981238236979;0.9422786972186132
2.61;-0.13084781434652223;0.942689952326418
2.62;-0.129705721625918;0.9431003442686264
2.63;-0.12857182783584736;0.9435098177030463
2.64;-0.1274461140618138;0.943918319103968
2.65;-0.1263285603367558;0.9443257967190264
2.66;-0.12521914567608694;0.9447322005269903
2.67;-0.12411784811190103;0.9451374821964555
2.68;-0.12302464472636002;0.9455415950454285
2.69;-0.12193951168428233;0.9459444940017768
2.7;-0.1208624242649489;0.946346135564534
2.71;-0.11979335689314373;0.9467464777660358
2.72;-0.11873228316944533;0.9471454801348754
2.73;-0.11767917589978542;0.9475431036596573
2.74;-0.1166340071242907;0.9479393107535355
2.75;-0.11559674814542292;0.9483340652195189
2.7600000000000002;-0.1145673695554329;0.9487273322165277
2.77;-0.11354584126314295;0.9491190782261867
2.7800000000000002;-0.1125321325200725;0.9495092710203383
2.79;-0.11152621194592116;0.9498978796292625
2.8000000000000003;-0.11052804755342305;0.9502848743105876
2.81;-0.10953760677258628;0.9506702265188774
2.82;-0.10855485647433091;0.9510539088758827
2.83;-0.10757976299353837;0.9514358951414407
2.84;-0.1066122921515254;0.9518161601850106
2.85;-0.10565240927795495;0.9521946799578325
2.86;-0.10470007923219646;0.9525714314656949
2.87;-0.10375526642414742;0.9529463927422999
2.88;-0.10281793483452832;0.9533195428232129
2.89;-0.10188804803466216;0.9536908617203845
2.9;-0.10096556920575027;0.9540603303972337
2.91;-0.1000504611576552;0.9544279307442791
2.92;-0.09914268634720173;0.9547936455553083
2.93;-0.09824220689600659;0.9551574585040735
2.94;-0.09734898460784723;0.9555193541215021
2.95;-0.09646298098558004;0.9558793177734123
2.96;-0.09558415724761771;0.9562373356387226
2.97;-0.09471247434397578;0.9565933946881454
2.98;-0.09384789297189786;0.9569474826633537
2.99;-0.09299037359106874;0.9572995880566121
3.0;-0.09213987643842489;0.9576497000908615
3.0100000000000002;-0.09129636154257102;0.957997808700249
3.02;-0.09045978873781167;0.9583439045110923
3.0300000000000002;-0.0896301176778064;0.958687978823271
3.04;-0.08880730784885706;0.9590300235920346
3.0500000000000003;-0.08799131858283525;0.9593700314102195
3.06;-0.08718210906975829;0.9597079954908655
3.0700000000000003;-0.08637963837002137;0.9600439096502242
3.08;-0.08558386542629379;0.9603777682911504
3.09;-0.08479474907508681;0.9607095663868688
3.1;-0.08401224805800062;0.9610392994651085
3.11;-0.08323632103265745;0.9613669635925967
3.12;-0.08246692658332834;0.9616925553599045
3.13;-0.08170402323126012;0.9620160718666375
3.14;-0.08094756944470975;0.9623375107069638
3.15;-0.08019752364869247;0.962656869955472
3.16;-0.0794538442344504;0.9629741481533526
3.17;-0.078716489568648;0.9632893442948963
3.18;-0.07798541800230059;0.9636024578143014
3.19;-0.0772605878794421;0.9639134885727847
3.2;-0.07654195754553801;0.9642224368459891
3.21;-0.07582948535564944;0.964529303311682
3.22;-0.07512312968235402;0.9648340890377375
3.23;-0.07442284892342921;0.9651367954703973
3.24;-0.07372860150930369;0.9654374244228042
3.25;-0.073040345910282;0.9657359780638014
3.2600000000000002;-0.07235804064354785;0.9660324589069934
3.27;-0.07168164427995127;0.9663268698000621
3.2800000000000002;-0.0710111154505845;0.9666192139143327
3.29;-0.0703464128531518;0.9669094947345844
3.3000000000000003;-0.06968749525813779;0.9671977160491004
3.31;-0.06903432151477926;0.9674838819399519
3.3200000000000003;-0.06838685055684483;0.9677679967735118
3.33;-0.06774504140822733;0.9680500651911922
3.34;-0.067108853188353;0.9683300921004023
3.35;-0.06647824511741209;0.9686080826657201
3.36;-0.06585317652141504;0.9688840423002749
3.37;-0.06523360683707831;0.9691579766573358
3.38;-0.06461949561654412;0.9694298916221006
3.39;-0.06401080253193785;0.9696997933036824
3.4;-0.0634074873797672;0.9699676880272886
3.41;-0.06280951008516682;0.9702335823265887
3.42;-0.0622168307059921;0.9704974829362665
3.43;-0.061629409436765946;0.9707593967847522
3.44;-0.061047206612481884;0.9710193309871321
3.45;-0.06047018271226714;0.9712772928382307
3.46;-0.05989829836290906;0.9715332898058614
3.47;-0.05933151434224824;0.971787329524243
3.48;-0.0587697915824416;0.972039419787578
3.49;-0.05821309117309864;0.9722895685437892
3.5;-0.05766137436429398;0.9725377838884108
3.5100000000000002;-0.057114602569459244;0.9727840740586312
3.52;-0.05657273736815733;0.9730284474274836
3.5300000000000002;-0.05603574050874194;0.9732709124981824
3.54;-0.055503573910905254;0.9735114778986003
3.5500000000000003;-0.054976199668116586;0.9737501523758844
3.56;-0.054453580049954695;0.9739869447912084
3.5700000000000003;-0.053935677504336504;0.974221864114657
3.58;-0.05342245465964481;0.9744549194202398
3.59;-0.05291387432675757;0.9746861198810322
3.6;-0.05240989950098123;0.974915474764441
3.61;-0.05191049336389062;0.9751429934275906
3.62;-0.05141561928507777;0.9753686853128282
3.63;-0.05092524082381198;0.9755925599433448
3.64;-0.050439321730613496;0.9758146269189101
3.65;-0.049957825948742964;0.9760348959117179
3.66;-0.04948071761560893;0.9762533766623404
3.67;-0.049007961064095475;0.9764700789757882
3.68;-0.04853952082381209;0.9766850127176747
3.69;-0.0480753616222679;0.9768981878104811
3.7;-0.047615448385972155;0.977109614229921
3.71;-0.047159746241463005;0.977319302001402
3.72;-0.046708220516266476;0.9775272611965821
3.73;-0.046260836739787516;0.9777335019300182
3.74;-0.0458175606441349;0.9779380343559062
3.75;-0.04537835816488184;0.9781408686649089
3.7600000000000002;-0.044943195441764054;0.9783420150810702
3.77;-0.04451203881931696;0.9785414838588151
3.7800000000000002;-0.04408485484745368;0.978739285280031
3.79;-0.04366161028198555;0.9789354296512306
3.8000000000000003;-0.043242272085086596;0.9791299273007941
3.81;-0.04282680742570373;0.9793227885762874
3.8200000000000003;-0.04241518367991402;0.9795140238418573
3.83;-0.04200736843123062;0.979703643475699
3.84;-0.04160332947085876;0.9798916578675969
3.85;-0.04120303479790333;0.9800780774165347
3.86;-0.040806452619529275;0.9802629125283752
3.87;-0.04041355135107631;0.9804461736136065
3.88;-0.04002429961612925;0.980627871085155
3.89;-0.03963866624654519;0.9808080153562613
3.9;-0.039256620282438884;0.9809866168384197
3.91;-0.03887813097212751;0.9811636859393785
3.92;-0.03850316777203605;0.9813392330612005
3.93;-0.0381317003465645;0.9815132685983814
3.94;-0.037763698567917954;0.9816858029360257
3.95;-0.037399132515900865;0.9818568464480786
3.96;-0.03703797247767642;0.9820264094956114
3.97;-0.0366801889474922;0.9821945024251614
3.98;-0.03632575262637313;0.9823611355671226
3.99;-0.03597463442178281;0.9825263192341877
4.0;-0.03562680544725413;0.9826900637198395
4.01;-0.03528223702199024;0.9828523792968907
4.0200000000000005;-0.034940900670436786;0.9830132762160713
4.03;-0.03460276812182635;0.983172764704661
4.04;-0.034267811309695986;0.9833308549651678
4.05;-0.03393600237137882;0.9834875571740501
4.0600000000000005;-0.03360731364747047;0.9836428814804814
4.07;-0.03328171768127121;0.9837968380051575
4.08;-0.032959187218204684;0.983949436839144
4.09;-0.032639695205214;0.9841006880427641
4.1;-0.03232321479013593;0.9842506016445247
4.11;-0.03200971932105406;0.9843991876400817
4.12;-0.031699182345631564;0.9845464559912409
4.13;-0.031391577610424444;0.9846924166249962
4.14;-0.031086879060175827;0.9848370794326023
4.15;-0.030785060837092076;0.984980454268683
4.16;-0.03048609728010142;0.9851225509503712
4.17;-0.030189962924095724;0.9852633792564837
4.18;-0.029896632499156042;0.9854029489267265
4.19;-0.02960608092976264;0.9855412696609324
4.2;-0.02931828333399003;0.9856783511183276
4.21;-0.029033215022687686;0.9858142029168293
4.22;-0.028750851498646954;0.9859488346323718
4.23;-0.028471168455754814;0.9860822557982604
4.24;-0.02819414177813497;0.9862144759045528
4.25;-0.027919747539276844;0.9863455043974682
4.26;-0.027647962001153038;0.9864753506788213
4.2700000000000005;-0.0273787616133257;0.9866040241054829
4.28;-0.02711212301204238;0.986731533988864
4.29;-0.026848023019321796;0.9868578895944256
4.3;-0.026586438642030048;0.9869831001412105
4.3100000000000005;-0.026327347070947693;0.9871071748013996
4.32;-0.026070725679828172;0.9872301226998893
4.33;-0.02581655202444801;0.9873519529138913
4.34;-0.025564803841649223;0.9874726744725536
4.3500000000000005;-0.025315459048374362;0.9875922963566022
4.36;-0.02506849574069459;0.9877108274980024
4.37;-0.024823892192831168;0.9878282767796408
4.38;-0.02458162685617081;0.9879446530350251
4.39;-0.02434167835827519;0.9880599650480033
4.4;-0.024104025501885028;0.988174221552501
4.41;-0.02386864726391911;0.9882874312322758
4.42;-0.02363552279446855;0.9883996027206893
4.43;-0.02340463141578668;0.9885107446004954
4.44;-0.02317595262127486;0.9886208654036451
4.45;-0.022949466074464544;0.9887299736111075
4.46;-0.022725151607995913;0.9888380776527047
4.47;-0.022502989222593396;0.9889451859069632
4.48;-0.022282959086038313;0.9890513067009792
4.49;-0.022065041532139;0.9891564483102977
4.5;-0.02184921705969865;0.9892606189588058
4.51;-0.021635466331481154;0.9893638268186392
4.5200000000000005;-0.021423770173175198;0.9894660800101015
4.53;-0.02121410957235688;0.9895673866015963
4.54;-0.02100646567745109;0.9896677546095712
4.55;-0.020800819796691898;0.9897671919984745
4.5600000000000005;-0.020597153397082176;0.9898657066807224
4.57;-0.020395448103352698;0.9899633065166777
4.58;-0.020195685696920915;0.9900599993146402
4.59;-0.019997848114849635;0.9901557928308464
4.6000000000000005;-0.019801917448805825;0.9902506947694806
4.61;-0.01960787594401971;0.9903447127826948
4.62;-0.019415705998244395;0.9904378544706393
4.63;-0.019225390160716165;0.9905301273815021
4.64;-0.019036911131115684;0.9906215390115576
4.65;-0.018850251758530258;0.9907120968052234
4.66;-0.018665395040417306;0.9908018081551271
4.67;-0.018482324121569266;0.9908906804021794
4.68;-0.018301022293080043;0.9909787208356573
4.69;-0.018121472991313184;0.9910659366932932
4.7;-0.01794365979687193;0.9911523351613727
4.71;-0.017767566433571285;0.9912379233748388
4.72;-0.017593176767412254;0.9913227084174042
4.73;-0.017420474805558375;0.9914066973216692
4.74;-0.0172494446953147;0.991489897069247
4.75;-0.017080070723109336;0.9915723145908949
4.76;-0.016912337313477653;0.9916539567666522
4.7700000000000005;-0.016746229028049352;0.9917348304259832
4.78;-0.016581730564538415;0.9918149423479266
4.79;-0.016418826755736114;0.9918942992612498
4.8;-0.01625750256850716;0.9919729078446098
4.8100000000000005;-0.016097743102789122;0.9920507747267173
4.82;-0.015939533590595172;0.9921279064865077
4.83;-0.015782859395020315;0.9922043096533154
4.84;-0.015627706009251126;0.9922799907070536
4.8500000000000005;-0.015474059055579158;0.9923549560783984
4.86;-0.015321904284418049;0.9924292121489764
4.87;-0.015171227573324442;0.9925027652515577
4.88;-0.015022014926022797;0.9925756216702517
4.89;-0.014874252471434153;0.9926477876407074
4.9;-0.014727926462708946;0.9927192693503167
4.91;-0.014583023276263915;0.9927900729384221
4.92;-0.014439529410823205;0.9928602044965267
4.93;-0.014297431486463699;0.9929296700685081
4.94;-0.014156716243664661;0.9929984756508351
4.95;-0.014017370542361745;0.9930666271927877
4.96;-0.013879381361005427;0.9931341305966793
4.97;-0.01374273579562391;0.9932009917180818
4.98;-0.01360742105889056;0.9932672163660539
4.99;-0.013473424479195932;0.9933328103033703
5.0;-0.013340733499724408;0.9933977792467553
5.01;-0.013209335677535516;0.9934621288671167
5.0200000000000005;-0.013079218682649963;0.993525864789783
5.03;-0.012950370297140423;0.9935889925947419
5.04;-0.012822778414227123;0.993651517816881
5.05;-0.012696431037378256;0.9937134459462303
5.0600000000000005;-0.012571316279415256;0.9937747824282064
5.07;-0.01244742236162298;0.9938355326638578
5.08;-0.012324737612864815;0.9938957020101125
5.09;-0.012203250468702744;0.993955295780026
5.1000000000000005;-0.012082949470522384;0.9940143192430314
5.11;-0.01196382326466305;0.9940727776251909
5.12;-0.011845860601552844;0.994130676109447
5.13;-0.011729050334848796;0.9941880198358767
5.14;-0.011613381420582082;0.9942448139019446
5.15;-0.011498842916308333;0.9943010633627593
5.16;-0.011385423980263059;0.9943567732313278
5.17;-0.01127311387052219;0.9944119484788133
5.18;-0.01116190194416776;0.9944665940347919
5.19;-0.011051777656458742;0.9945207147875103
5.2;-0.010942730560007049;0.9945743155841444
5.21;-0.010834750303958694;0.9946274012310585
5.22;-0.010727826633180152;0.9946799764940637
5.23;-0.010621949387449888;0.9947320460986779
5.24;-0.0105171085006551;0.9947836147303858
5.25;-0.010413293999993634;0.9948346870348984
5.26;-0.010310496005181134;0.9948852676184138
5.2700000000000005;-0.010208704727663368;0.9949353610478768
5.28;-0.010107910469833776;0.9949849718512398
5.29;-0.010008103624256217;0.9950341045177227
5.3;-0.009909274672892928;0.9950827634980732
5.3100000000000005;-0.00981141418633768;0.9951309532048274
5.32;-0.009714512823054145;0.9951786780125688
5.33;-0.009618561328619445;0.9952259422581891
5.34;-0.009523550534972908;0.9952727502411468
5.3500000000000005;-0.009429471359670004;0.9953191062237273
5.36;-0.009336314805141466;0.9953650144313011
5.37;-0.009244071957957584;0.9954104790525824
5.38;-0.009152733988097662;0.9954555042398875
5.39;-0.009062292148224637;0.9955000941093921
5.4;-0.00897273777296484;0.9955442527413886
5.41;-0.008884062278192897;0.9955879841805427
5.42;-0.00879625716032177;0.9956312924361495
5.43;-0.008709313995597882;0.9956741814823884
5.44;-0.008623224439401372;0.995716655258579
5.45;-0.00853798022555144;0.995758717669434
5.46;-0.008453573165616735;0.9958003725853136
5.47;-0.008369995148230853;0.9958416238424778
5.48;-0.008287238138412843;0.9958824752433382
5.49;-0.008205294176892763;0.9959229305567099
5.5;-0.008124155379442258;0.9959629935180611
5.51;-0.008043813936210117;0.996002667829763
5.5200000000000005;-0.007964262111062827;0.9960419571613388
5.53;-0.007885492240930096;0.9960808651497112
5.54;-0.007807496735155313;0.996119395399449
5.55;-0.007730268074850944;0.9961575514830141
5.5600000000000005;-0.007653798812258837;0.9961953369410055
5.57;-0.007578081570115419;0.996232755282404
5.58;-0.007503109041021766;0.9962698099848151
5.59;-0.00742887398681852;0.9963065044947113
5.6000000000000005;-0.00735536923796565;0.9963428422276729
5.61;-0.00728258769292701;0.9963788265686284
5.62;-0.007210522317559697;0.9964144608720933
5.63;-0.0071391661445081795;0.9964497484624077
5.64;-0.00706851227260316;0.996484692633974
5.65;-0.006998553866265188;0.9965192966514915
5.66;-0.006929284154912945;0.9965535637501921
5.67;-0.0068606964323762384;0.996587497136073
5.68;-0.006792784056313638;0.9966210999861295
5.69;-0.006725540447634758;0.996654375448586
5.7;-0.0066589590899271385;0.9966873266431262
5.71;-0.006593033528887732;0.9967199566611218
5.72;-0.0065277573717589426;0.99675226856586
5.73;-0.006463124286769209;0.9967842653927704
5.74;-0.006399128002578108;0.9968159501496501
5.75;-0.0063357623077259576;0.9968473258168875
5.76;-0.006273021050087868;0.9968783953476857
5.7700000000000005;-0.006210898136332269;0.9969091616682835
5.78;-0.006149387531383821;0.996939627678176
5.79;-0.00608848325789075;0.996969796250334
5.8;-0.0060281793956965405;0.9969996702314213
5.8100000000000005;-0.005968470081315971;0.9970292524420121
5.82;-0.005909349507415478;0.9970585456768055
5.83;-0.005850811922297805;0.9970875527048402
5.84;-0.005792851629390926;0.997116276269707
5.8500000000000005;-0.005735462986741215;0.9971447190897607
5.86;-0.005678640406510826;0.9971728838583298
5.87;-0.005622378354479272;0.9972007732439262
5.88;-0.005566671349549171;0.9972283898904521
5.89;-0.005511513963256125;0.9972557364174072
5.9;-0.00545690081928272;0.997282815420093
5.91;-0.005402826592976625;0.9973096294698173
5.92;-0.005349286010872726;0.9973361811140964
5.93;-0.005296273850219338;0.9973624728768563
5.94;-0.005243784938508385;0.9973885072586328
5.95;-0.0051918141530096;0.99741428673677
5.96;-0.0051403564203086685;0.9974398137656176
5.97;-0.0050894067158493055;0.9974650907767271
5.98;-0.005038960063479244;0.997490120179046
5.99;-0.004989011535000104;0.997514904359112
6.0;-0.004939556249721112;0.9975394456812446
6.01;-0.0048905893740166595;0.9975637464877359
6.0200000000000005;-0.004842106120887656;0.9975878090990405
6.03;-0.004794101749526666;0.9976116358139633
6.04;-0.00474657156488679;0.9976352289098465
6.05;-0.0046995109172542765;0.9976585906427554
6.0600000000000005;-0.004652915201824833;0.9976817232476628
6.07;-0.004606779858283608;0.9977046289386317
6.08;-0.004561100370388823;0.9977273099089972
6.09;-0.004515872265559028;0.997749768331547
6.1000000000000005;-0.0044710911144639496;0.9977720063587009
6.11;-0.00442675253061891;0.997794026122688
6.12;-0.004382852169982801;0.9978158297357237
6.13;-0.00433938573055956;0.9978374192901851
6.140000000000001;-0.004296348952003151;0.9978587968587851
6.15;-0.0042537376152260165;0.9978799644947449
6.16;-0.0042115475420109695;0.9979009242319657
6.17;-0.004169774594626493;0.9979216780851992
6.18;-0.004128414675445453;0.9979422280502159
6.19;-0.004087463726567164;0.9979625761039739
6.2;-0.004046917729442792;0.9979827242047844
6.21;-0.0040067727045041005;0.9980026742924776
6.22;-0.0039670247107954585;0.9980224282885662
6.23;-0.003927669845609135;0.9980419880964089
6.24;-0.003888704244123829;0.9980613556013711
6.25;-0.003850124079046427;0.9980805326709858
6.26;-0.003811925560256944;0.9980995211551125
6.2700000000000005;-0.003774104934456634;0.9981183228860948
6.28;-0.003736658484819256;0.9981369396789177
6.29;-0.003699582530645453;0.9981553733313623
6.3;-0.0036628734270202253;0.9981736256241606
6.3100000000000005;-0.003626527564473486;0.9981916983211481
6.32;-0.0035905413686436556;0.9982095931694159
6.33;-0.003554911299944285;0.9982273118994616
6.34;-0.003519633853233684;0.9982448562253381
6.3500000000000005;-0.0034847055574875213;0.9982622278448025
6.36;-0.0034501229754743804;0.9982794284394628
6.37;-0.0034158827034342504;0.9982964596749243
6.38;-0.003381981370759915;0.998313323200934
6.390000000000001;-0.0033484156396812385;0.9983300206515243
6.4;-0.0033151822049522998;0.9983465536451558
6.41;-0.003282277793541373;0.9983629237848581
6.42;-0.003249699164323724;0.9983791326583707
6.43;-0.003217443107777196;0.9983951818382815
6.44;-0.003185506445680564;0.9984110728821648
6.45;-0.0031538860308146423;0.9984268073327186
6.46;-0.0031225787466661174;0.9984423867179
6.47;-0.0030915815071340808;0.9984578125510596
6.48;-0.0030608912562392417;0.9984730863310753
6.49;-0.0030305049678358027;0.998488209542485
6.5;-0.003000419645325973;0.9985031836556171
6.51;-0.0029706323213770963;0.9985180101267216
6.5200000000000005;-0.0029411400576413744;0.9985326903980988
6.53;-0.0029119399444781564;0.9985472258982274
6.54;-0.0028830291006787883;0.9985616180418919
6.55;-0.0028544046731939915;0.9985758682303081
6.5600000000000005;-0.002826063836863742;0.9985899778512485
6.57;-0.0027980037941496513;0.9986039482791659
6.58;-0.002770221774869804;0.9986177808753163
6.59;-0.0027427150359360473;0.9986314769878807
6.6000000000000005;-0.002715480861093703;0.998645037952086
6.61;-0.0026885165606636884;0.998658465090325
6.62;-0.0026618194712870235;0.9986717597122743
6.63;-0.002635386955671699;0.9986849231150132
6.640000000000001;-0.0026092164023418917;0.9986979565831398
6.65;-0.0025833052253895115;0.9987108613888865
6.66;-0.002557650864228037;0.998723638792236
6.67;-0.002532250783348664;0.9987362900410336
6.68;-0.0025071024720786906;0.9987488163711009
6.69;-0.0024822034443421704;0.9987612190063478
6.7;-0.002457551238422788;0.9987734991588828
6.71;-0.002433143416728938;0.9987856580291234
6.72;-0.002408977565560997;0.9987976968059051
6.73;-0.0023850512948807726;0.9988096166665893
6.74;-0.0023613622380830937;0.9988214187771703
6.75;-0.002337908051769542;0.9988331042923821
6.76;-0.0023146864155242923;0.998844674355803
6.7700000000000005;-0.00229169503169206;0.9988561300999605
6.78;-0.0022689316251581133;0.9988674726464346
6.79;-0.0022463939431303587;0.99887870310596
6.8;-0.0022240797549234587;0.9988898225785285
6.8100000000000005;-0.0022019868517449788;0.9989008321534891
6.82;-0.00218011304648354;0.9989117329096485
6.83;-0.002158456173498968;0.9989225259153696
6.84;-0.002137014088414399;0.9989332122286699
6.8500000000000005;-0.002115784667910356;0.9989437928973189
6.86;-0.0020947658095207483;0.9989542689589345
6.87;-0.0020739554314308044;0.9989646414410783
6.88;-0.002053351472276905;0.9989749113613507
6.890000000000001;-0.0020329518909482877;0.9989850797274847
6.9;-0.002012754666390642;0.998995147537439
6.91;-0.0019927577974115512;0.99900511577949
6.92;-0.001972959302487764;0.9990149854323236
6.93;-0.0019533572195742904;0.9990247574651256
6.94;-0.0019339496059153076;0.9990344328376719
6.95;-0.001914734537856853;0.9990440125004166
6.96;-0.0018957101106612754;0.9990534973945814
6.97;-0.001876874438323462;0.999062888452242
6.98;-0.0018582256533887969;0.9990721865964155
6.99;-0.0018397619067728437;0.9990813927411459
7.0;-0.0018214813675827418;0.9990905077915893
7.01;-0.0018033822229402924;0.9990995326440979
7.0200000000000005;-0.0017854626778067268;0.9991084681863044
7.03;-0.0017677209548091427;0.999117315297204
7.04;-0.0017501552940685822;0.999126074847237
7.05;-0.001732763953029745;0.9991347476983699
7.0600000000000005;-0.0017155452062923276;0.9991433347041758
7.07;-0.0016984973454439616;0.999151836709915
7.08;-0.0016816186788947433;0.9991602545526135
7.09;-0.0016649075317133391;0.9991685890611414
7.1000000000000005;-0.001648362245464652;0.9991768410562911
7.11;-0.0016319811780490404;0.9991850113508542
7.12;-0.0016157627035430636;0.9991931007496976
7.13;-0.0015997052120417512;0.9992011100498391
7.140000000000001;-0.0015838071095023779;0.9992090400405228
7.15;-0.0015680668175897265;0.9992168915032927
7.16;-0.0015524827735228345;0.9992246652120669
7.17;-0.001537053429923199;0.9992323619332099
7.18;-0.0015217772546644408;0.9992399824256054
7.19;-0.0015066527307234004;0.9992475274407278
7.2;-0.0014916783560326656;0.9992549977227125
7.21;-0.001476852643334499;0.9992623940084272
7.22;-0.0014621741200361818;0.9992697170275405
7.23;-0.001447641328066727;0.9992769675025915
7.24;-0.0014332528237349731;0.9992841461490582
7.25;-0.0014190071775890469;0.9992912536754249
7.26;-0.001404902974277158;0.9992982907832493
7.2700000000000005;-0.0013909388124097412;0.9993052581672293
7.28;-0.001377113304422917;0.9993121565152687
7.29;-0.001363425076443269;0.9993189865085425
7.3;-0.0013498727681539116;0.9993257488215612
7.3100000000000005;-0.001336455032661852;0.9993324441222357
7.32;-0.0013231705363666282;0.9993390730719397
7.33;-0.0013100179588302033;0.9993456363255735
7.34;-0.0012969959926481182;0.9993521345316257
7.3500000000000005;-0.00128410334332188;0.9993585683322355
7.36;-0.0012713387291325867;0.9993649383632529
7.37;-0.0012587008810157558;0.9993712452543005
7.38;-0.0012461885424373748;0.9993774896288325
7.390000000000001;-0.001233800469271132;0.9993836721041947
7.4;-0.0012215354296768394;0.999389793291683
7.41;-0.001209392203980027;0.9993958537966022
7.42;-0.0011973695845526927;0.9994018542183237
7.43;-0.001185466375695215;0.9994077951503426
7.44;-0.0011736813935193952;0.9994136771803344
7.45;-0.0011620134658326304;0.9994195008902113
7.46;-0.0011504614320232093;0.999425266856178
7.47;-0.0011390241429467146;0.9994309756487869
7.48;-0.0011277004608135216;0.9994366278329924
7.49;-0.0011164892590773896;0.9994422239682051
7.5;-0.0011053894223251232;0.999447764608346
7.51;-0.001094399846167305;0.9994532503018986
7.5200000000000005;-0.0010835194371300902;0.9994586815919625
7.53;-0.001072747112548039;0.9994640590163051
7.54;-0.0010620818004579945;0.9994693831074131
7.55;-0.0010515224394939857;0.9994746543925438
7.5600000000000005;-0.0010410679787831488;0.9994798733937759
7.57;-0.0010307173778426558;0.9994850406280594
7.58;-0.0010204696064776417;0.9994901566072657
7.59;-0.0010103236446801277;0.9994952218382365
7.6000000000000005;-0.0010002784825289177;0.9995002368228326
7.61;-9.903331200904672E-4;0.9995052020579828
7.62;-9.804865673207195E-4;0.9995101180357306
7.63;-9.707378439678802E-4;0.9995149852432831
7.640000000000001;-9.610859794761604E-4;0.9995198041630566
7.65;-9.515300128904279E-4;0.9995245752727242
7.66;-9.420689927618052E-4;0.999529299045261
7.67;-9.327019770541709E-4;0.9995339759489903
7.68;-9.234280330515741E-4;0.9995386064476287
7.69;-9.142462372665548E-4;0.999543191000331
7.7;-9.051556753493471E-4;0.999547730061734
7.71;-8.961554419979732E-4;0.9995522240820014
7.72;-8.872446408692013E-4;0.9995566735068664
7.73;-8.784223844903826E-4;0.9995610787776752
7.74;-8.696877941721347E-4;0.9995654403314299
7.75;-8.610399999218874E-4;0.9995697586008304
7.76;-8.524781403582547E-4;0.9995740340143165
7.7700000000000005;-8.440013626262553E-4;0.9995782669961095
7.78;-8.356088223133505E-4;0.999582457966253
7.79;-8.272996833663036E-4;0.9995866073406539
7.8;-8.190731180088472E-4;0.9995907155311223
7.8100000000000005;-8.109283066601568E-4;0.9995947829454122
7.82;-8.028644378541104E-4;0.99959880998726
7.83;-7.948807081593478E-4;0.9996027970564249
7.84;-7.869763221001024E-4;0.9996067445487264
7.8500000000000005;-7.791504920778036E-4;0.999610652856084
7.86;-7.714024382934492E-4;0.9996145223665541
7.87;-7.637313886707364E-4;0.9996183534643686
7.88;-7.56136578779929E-4;0.9996221465299716
7.890000000000001;-7.486172517624911E-4;0.999625901940057
7.9;-7.41172658256437E-4;0.9996296200676044
7.91;-7.338020563224168E-4;0.9996333012819161
7.92;-7.265047113705314E-4;0.9996369459486525
7.930000000000001;-7.192798960878487E-4;0.999640554429868
7.94;-7.121268903666388E-4;0.9996441270840459
7.95;-7.05044981233307E-4;0.9996476642661338
7.96;-6.980334627780205E-4;0.9996511663275778
7.97;-6.910916360850249E-4;0.9996546336163568
7.98;-6.842188091636447E-4;0.9996580664770164
7.99;-6.774142968799513E-4;0.9996614652507025
8.0;-6.706774208891031E-4;0.9996648302751949
8.01;-6.64007509568354E-4;0.9996681618849397
8.02;-6.574038979507091E-4;0.999671460411082
8.03;-6.5086592765923E-4;0.9996747261814987
8.040000000000001;-6.443929468419885E-4;0.9996779595208298
8.05;-6.379843101076511E-4;0.9996811607505108
8.06;-6.316393784617037E-4;0.9996843301888036
8.07;-6.253575192432904E-4;0.9996874681508278
8.08;-6.191381060626723E-4;0.9996905749485911
8.09;-6.129805187393112E-4;0.9996936508910207
8.1;-6.068841432405448E-4;0.9996966962839924
8.11;-6.008483716208713E-4;0.9996997114303611
8.120000000000001;-5.948726019618223E-4;0.9997026966299905
8.13;-5.88956238312437E-4;0.9997056521797819
8.14;-5.830986906303093E-4;0.999708578373704
8.15;-5.772993747232148E-4;0.9997114755028209
8.16;-5.715577121913142E-4;0.9997143438553212
8.17;-5.658731303699228E-4;0.9997171837165458
8.18;-5.602450622728396E-4;0.9997199953690161
8.19;-5.5467294653623E-4;0.9997227790924614
8.2;-5.491562273630658E-4;0.9997255351638465
8.21;-5.436943544681074E-4;0.999728263857399
8.22;-5.382867830234208E-4;0.9997309654446356
8.23;-5.329329736044388E-4;0.9997336401943894
8.24;-5.276323921365491E-4;0.9997362883728357
8.25;-5.223845098421989E-4;0.9997389102435186
8.26;-5.171888031885311E-4;0.9997415060673763
8.27;-5.120447538355258E-4;0.9997440761027672
8.28;-5.069518485846562E-4;0.9997466206054948
8.290000000000001;-5.019095793280452E-4;0.9997491398288333
8.3;-4.969174429981275E-4;0.999751634023552
8.31;-4.919749415178036E-4;0.9997541034379402
8.32;-4.8708158175107466E-4;0.9997565483178313
8.33;-4.822368754541776E-4;0.9997589689066274
8.34;-4.774403392271923E-4;0.9997613654453227
8.35;-4.726914944661257E-4;0.9997637381725275
8.36;-4.6798986731547067E-4;0.9997660873244916
8.370000000000001;-4.633349886212227E-4;0.9997684131351273
8.38;-4.587263938843692E-4;0.9997707158360328
8.39;-4.541636232148275E-4;0.9997729956565147
8.4;-4.496462212858446E-4;0.9997752528236103
8.41;-4.45173737288839E-4;0.9997774875621106
8.42;-4.407457248886896E-4;0.9997797000945817
8.43;-4.3636174217946114E-4;0.9997818906413872
8.44;-4.3202135164057055E-4;0.9997840594207096
8.45;-4.27724120093386E-4;0.9997862066485719
8.46;-4.234696186582435E-4;0.9997883325388588
8.47;-4.1925742271189535E-4;0.9997904373033378
8.48;-4.150871118453795E-4;0.9997925211516802
8.49;-4.109582698222939E-4;0.9997945842914812
8.5;-4.0687048453748965E-4;0.999796626928281
8.51;-4.028233479761715E-4;0.9997986492655847
8.52;-3.988164561733924E-4;0.9998006515048825
8.53;-3.948494091739611E-4;0.9998026338456695
8.540000000000001;-3.90921810992733E-4;0.999804596485465
8.55;-3.870332695752958E-4;0.9998065396198327
8.56;-3.8318339675904185E-4;0.9998084634423994
8.57;-3.793718082346335E-4;0.9998103681448741
8.58;-3.755981235078302E-4;0.9998122539170675
8.59;-3.7186196586170986E-4;0.9998141209469099
8.6;-3.6816296231924876E-4;0.9998159694204702
8.61;-3.645007436062812E-4;0.9998177995219745
8.620000000000001;-3.608749441148177E-4;0.9998196114338234
8.63;-3.572852018667264E-4;0.999821405336611
8.64;-3.5373115847777613E-4;0.9998231814091421
8.65;-3.5021245912202715E-4;0.99982493982845
8.66;-3.4672875249658043E-4;0.9998266807698141
8.67;-3.432796907866679E-4;0.999828404406777
8.68;-3.398649296310966E-4;0.9998301109111618
8.69;-3.364841280880207E-4;0.999831800453089
8.700000000000001;-3.331369486010652E-4;0.9998334732009931
8.71;-3.2982305696576926E-4;0.99983512932164
8.72;-3.2654212229638074E-4;0.9998367689801423
8.73;-3.232938169929536E-4;0.9998383923399764
8.74;-3.2007781670878946E-4;0.9998399995629987
8.75;-3.168938003181934E-4;0.9998415908094612
8.76;-3.1374144988454724E-4;0.9998431662380276
8.77;-3.106204506287027E-4;0.9998447260057888
8.78;-3.075304908976786E-4;0.9998462702682784
8.790000000000001;-3.044712621336745E-4;0.9998477991794886
8.8;-3.014424588433864E-4;0.9998493128918847
8.81;-2.98443778567631E-4;0.9998508115564207
8.82;-2.954749218512633E-4;0.9998522953225539
8.83;-2.9253559221339005E-4;0.99985376433826
8.84;-2.896254961178903E-4;0.9998552187500473
8.85;-2.867443429442109E-4;0.9998566587029717
8.86;-2.8389184495845844E-4;0.9998580843406506
8.870000000000001;-2.8106771728478E-4;0.9998594958052774
8.88;-2.782716778770169E-4;0.9998608932376357
8.89;-2.7550344749065284E-4;0.9998622767771127
8.9;-2.727627496550247E-4;0.9998636465617136
8.91;-2.70049310645816E-4;0.9998650027280747
8.92;-2.6736285945782174E-4;0.9998663454114773
8.93;-2.6470312777797904E-4;0.9998676747458614
8.94;-2.620698499586707E-4;0.999868990863838
8.950000000000001;-2.594627629912829E-4;0.9998702938967031
8.96;-2.568816064800363E-4;0.9998715839744504
8.97;-2.5432612261606225E-4;0.9998728612257841
8.98;-2.517960561517476E-4;0.9998741257781318
8.99;-2.492911543753298E-4;0.9998753777576571
9.0;-2.468111670857378E-4;0.999876617289272
9.01;-2.4435584656768897E-4;0.9998778444966493
9.02;-2.4192494756702292E-4;0.999879059502235
9.03;-2.3951822726629571E-4;0.9998802624272601
9.040000000000001;-2.3713544526059364E-4;0.9998814533917533
9.05;-2.347763635336078E-4;0.999882632514552
9.06;-2.3244074643392868E-4;0.9998837999133148
9.07;-2.3012836065158609E-4;0.9998849557045326
9.08;-2.2783897519481315E-4;0.9998861000035408
9.09;-2.255723613670482E-4;0.9998872329245302
9.1;-2.2332829274415627E-4;0.9998883545805584
9.11;-2.2110654515188148E-4;0.9998894650835612
9.120000000000001;-2.1890689664352285E-4;0.9998905645443639
9.13;-2.167291274778263E-4;0.9998916530726916
9.14;-2.1457302009710214E-4;0.9998927307771805
9.15;-2.1243835910554924E-4;0.9998937977653892
9.16;-2.1032493124780642E-4;0.9998948541438083
9.17;-2.0823252538770514E-4;0.9998959000178715
9.18;-2.0616093248723515E-4;0.9998969354919666
9.19;-2.0410994558572675E-4;0.9998979606694448
9.200000000000001;-2.0207935977923058E-4;0.9998989756526317
9.21;-2.000689722000984E-4;0.9998999805428374
9.22;-1.980785819967737E-4;0.999900975440366
9.23;-1.961079903137855E-4;0.9999019604445265
9.24;-1.9415700027192645E-4;0.9999029356536417
9.25;-1.9222541694864065E-4;0.9999039011650586
9.26;-1.9031304735859928E-4;0.9999048570751576
9.27;-1.8841970043446927E-4;0.9999058034793628
9.28;-1.8654518700787187E-4;0.9999067404721503
9.290000000000001;-1.8468931979053222E-4;0.999907668147059
9.3;-1.828519133556153E-4;0.9999085865966988
9.31;-1.8103278411924634E-4;0.9999094959127601
9.32;-1.792317503222088E-4;0.9999103961860232
9.33;-1.774486320118332E-4;0.9999112875063669
9.34;-1.7568325102406052E-4;0.9999121699627779
9.35;-1.7393543096568182E-4;0.999913043643359
9.36;-1.722049971967568E-4;0.9999139086353384
9.370000000000001;-1.7049177681320333E-4;0.9999147650250781
9.38;-1.687955986295611E-4;0.999915612898083
9.39;-1.6711629316193215E-4;0.9999164523390083
9.4;-1.654536926110797E-4;0.9999172834316691
9.41;-1.6380763084569954E-4;0.9999181062590479
9.42;-1.621779433858575E-4;0.9999189209033033
9.43;-1.6056446738659273E-4;0.999919727445778
9.44;-1.5896704162167956E-4;0.9999205259670069
9.450000000000001;-1.5738550646755248E-4;0.9999213165467251
9.46;-1.558197038873901E-4;0.999922099263876
9.47;-1.542694774153588E-4;0.9999228741966187
9.48;-1.5273467214100634E-4;0.9999236414223365
9.49;-1.5121513469382086E-4;0.9999244010176436
9.5;-1.4971071322792984E-4;0.9999251530583937
9.51;-1.4822125740696323E-4;0.999925897619687
9.52;-1.4674661838905555E-4;0.9999266347758778
9.53;-1.452866488120099E-4;0.999927364600582
9.540000000000001;-1.4384120277859312E-4;0.9999280871666839
9.55;-1.4241013584198844E-4;0.9999288025463443
9.56;-1.4099330499138716E-4;0.9999295108110071
9.57;-1.3959056863772877E-4;0.9999302120314066
9.58;-1.382017865995757E-4;0.9999309062775743
9.59;-1.3682682008912892E-4;0.9999315936188462
9.6;-1.3546553169839013E-4;0.9999322741238695
9.61;-1.3411778538544936E-4;0.9999329478606096
9.620000000000001;-1.3278344646091918E-4;0.9999336148963565
9.63;-1.314623815744955E-4;0.9999342752977318
9.64;-1.3015445870165584E-4;0.9999349291306956
9.65;-1.2885954713048894E-4;0.9999355764605523
9.66;-1.2757751744865616E-4;0.9999362173519577
9.67;-1.2630824153047745E-4;0.9999368518689253
9.68;-1.2505159252415373E-4;0.9999374800748326
9.69;-1.2380744483910373E-4;0.9999381020324275
9.700000000000001;-1.225756741334418E-4;0.9999387178038344
9.71;-1.2135615730156553E-4;0.9999393274505605
9.72;-1.2014877246187679E-4;0.999939931033502
9.73;-1.1895339894461916E-4;0.9999405286129499
9.74;-1.1776991727983761E-4;0.9999411202485964
9.75;-1.16598209185458E-4;0.9999417059995402
9.76;-1.154381575554821E-4;0.9999422859242934
9.77;-1.1428964644830582E-4;0.9999428600807861
9.78;-1.1315256107514844E-4;0.9999434285263733
9.790000000000001;-1.1202678778859516E-4;0.9999439913178397
9.8;-1.1091221407125834E-4;0.999944548511406
9.81;-1.0980872852454987E-4;0.9999451001627342
9.82;-1.087162208575611E-4;0.9999456463269332
9.83;-1.076345818760584E-4;0.9999461870585642
9.84;-1.0656370347158512E-4;0.9999467224116463
9.85;-1.0550347861066917E-4;0.9999472524396618
9.86;-1.044538013241449E-4;0.9999477771955615
9.870000000000001;-1.0341456669657485E-4;0.9999482967317701
9.88;-1.0238567085577595E-4;0.9999488111001912
9.89;-1.0136701096245667E-4;0.9999493203522126
9.9;-1.0035848519994858E-4;0.9999498245387115
9.91;-9.935999276404558E-5;0.9999503237100595
9.92;-9.837143385294197E-5;0.9999508179161275
9.93;-9.739270965726818E-5;0.9999513072062909
9.94;-9.642372235023308E-5;0.9999517916294343
9.950000000000001;-9.546437507785297E-5;0.9999522712339564
9.96;-9.451457194928478E-5;0.9999527460677751
9.97;-9.357421802725937E-5;0.9999532161783319
9.98;-9.264321931859462E-5;0.9999536816125968
9.99;-9.172148276481959E-5;0.999954142417073
10.0;-9.080891623288198E-5;0.9999545986378016
